0 1228 234
2.26757e-05 1229 192
4.53515e-05 1212 157
6.80272e-05 1181 129
9.07029e-05 1142 107
0.000113379 1090 95
0.000136054 1028 97
0.00015873 964 107
0.000181406 905 121
0.000204082 856 144
0.000226757 826 178
0.000249433 821 217
0.000272109 842 260
0.000294785 890 312
0.00031746 966 370
0.000340136 1059 426
0.000362812 1160 479
0.000385488 1262 534
0.000408163 1358 588
0.000430839 1437 633
0.000453515 1496 665
0.00047619 1532 689
0.000498866 1532 700
0.000521542 1483 695
0.000544218 1391 670
0.000566893 1259 625
0.000589569 1084 564
0.000612245 867 491
0.000634921 625 414
0.000657596 375 337
0.000680272 127 260
0.000702948 -114 186
0.000725624 -340 120
0.000748299 -542 65
0.000770975 -714 17
0.000793651 -860 -22
0.000816327 -982 -50
0.000839002 -1072 -63
0.000861678 -1123 -65
0.000884354 -1131 -52
0.000907029 -1096 -21
0.000929705 -1020 22
0.000952381 -907 72
0.000975057 -765 128
0.000997732 -607 189
0.00102041 -449 249
0.00104308 -305 300
0.00106576 -188 341
0.00108844 -104 367
0.00111111 -53 374
0.00113379 -38 360
0.00115646 -64 320
0.00117914 -134 257
0.00120181 -239 179
0.00122449 -364 88
0.00124717 -505 -15
0.00126984 -655 -123
0.00129252 -802 -226
0.00131519 -930 -325
0.00133787 -1033 -422
0.00136054 -1104 -510
0.00138322 -1141 -584
0.0014059 -1140 -648
0.00142857 -1107 -703
0.00145125 -1050 -751
0.00147392 -985 -798
0.0014966 -927 -847
0.00151927 -890 -900
0.00154195 -886 -963
0.00156463 -925 -1041
0.0015873 -1004 -1126
0.00160998 -1118 -1216
0.00163265 -1261 -1314
0.00165533 -1421 -1413
0.001678 -1576 -1498
0.00170068 -1710 -1564
0.00172336 -1815 -1618
0.00174603 -1880 -1651
0.00176871 -1891 -1654
0.00179138 -1839 -1629
0.00181406 -1728 -1581
0.00183673 -1564 -1506
0.00185941 -1359 -1405
0.00188209 -1131 -1288
0.00190476 -898 -1159
0.00192744 -674 -1022
0.00195011 -474 -890
0.00197279 -309 -773
0.00199546 -176 -665
0.00201814 -63 -559
0.00204082 34 -460
0.00206349 121 -369
0.00208617 199 -283
0.00210884 271 -204
0.00213152 335 -134
0.00215419 382 -71
0.00217687 410 -16
0.00219955 419 27
0.00222222 413 60
0.0022449 386 83
0.00226757 339 99
0.00229025 278 107
0.00231293 208 108
0.0023356 131 101
0.00235828 44 87
0.00238095 -51 70
0.00240363 -154 53
0.0024263 -255 36
0.00244898 -346 16
0.00247166 -434 0
0.00249433 -525 -12
0.00251701 -619 -24
0.00253968 -714 -38
0.00256236 -807 -48
0.00258503 -884 -48
0.00260771 -933 -39
0.00263039 -959 -23
0.00265306 -967 3
0.00267574 -944 42
0.00269841 -874 94
0.00272109 -752 164
0.00274376 -580 252
0.00276644 -360 351
0.00278912 -106 457
0.00281179 167 570
0.00283447 453 687
0.00285714 739 797
0.00287982 1012 896
0.00290249 1269 986
0.00292517 1507 1059
0.00294785 1717 1108
0.00297052 1898 1141
0.0029932 2049 1164
0.00301587 2165 1167
0.00303855 2240 1152
0.00306122 2276 1127
0.0030839 2272 1092
0.00310658 2218 1039
0.00312925 2117 972
0.00315193 1989 901
0.0031746 1854 829
0.00319728 1730 754
0.00321995 1632 683
0.00324263 1574 628
0.00326531 1555 585
0.00328798 1576 556
0.00331066 1641 546
0.00333333 1746 555
0.00335601 1881 579
0.00337868 2036 616
0.00340136 2203 670
0.00342404 2371 741
0.00344671 2535 819
0.00346939 2683 897
0.00349206 2801 973
0.00351474 2884 1045
0.00353741 2934 1106
0.00356009 2942 1150
0.00358277 2904 1179
0.00360544 2828 1197
0.00362812 2721 1199
0.00365079 2576 1178
0.00367347 2386 1141
0.00369615 2150 1097
0.00371882 1875 1048
0.0037415 1573 989
0.00376417 1257 925
0.00378685 938 862
0.00380952 628 801
0.0038322 347 735
0.00385488 102 667
0.00387755 -114 603
0.00390023 -305 537
0.0039229 -459 469
0.00394558 -572 406
0.00396825 -649 352
0.00399093 -699 300
0.00401361 -744 247
0.00403628 -800 195
0.00405896 -865 148
0.00408163 -928 104
0.00410431 -986 64
0.00412698 -1038 33
0.00414966 -1078 12
0.00417234 -1105 3
0.00419501 -1113 9
0.00421769 -1087 31
0.00424036 -1027 65
0.00426304 -939 109
0.00428571 -815 165
0.00430839 -641 234
0.00433107 -424 316
0.00435374 -186 410
0.00437642 66 510
0.00439909 329 611
0.00442177 579 706
0.00444444 797 787
0.00446712 974 850
0.0044898 1096 889
0.00451247 1151 901
0.00453515 1145 886
0.00455782 1086 845
0.0045805 969 773
0.00460317 793 665
0.00462585 563 527
0.00464853 289 370
0.0046712 -24 194
0.00469388 -374 2
0.00471655 -752 -197
0.00473923 -1144 -398
0.0047619 -1530 -601
0.00478458 -1893 -800
0.00480726 -2214 -981
0.00482993 -2468 -1144
0.00485261 -2647 -1293
0.00487528 -2767 -1421
0.00489796 -2845 -1520
0.00492063 -2881 -1596
0.00494331 -2878 -1657
0.00496599 -2856 -1701
0.00498866 -2830 -1728
0.00501134 -2806 -1751
0.00503401 -2796 -1777
0.00505669 -2815 -1804
0.00507936 -2859 -1830
0.00510204 -2913 -1857
0.00512472 -2976 -1884
0.00514739 -3051 -1908
0.00517007 -3123 -1928
0.00519274 -3175 -1944
0.00521542 -3209 -1960
0.0052381 -3233 -1977
0.00526077 -3250 -1993
0.00528345 -3254 -2004
0.00530612 -3247 -2012
0.0053288 -3234 -2016
0.00535147 -3211 -2016
0.00537415 -3170 -2011
0.00539683 -3108 -2001
0.0054195 -3031 -1988
0.00544218 -2955 -1980
0.00546485 -2898 -1984
0.00548753 -2878 -2004
0.0055102 -2903 -2034
0.00553288 -2975 -2072
0.00555556 -3088 -2118
0.00557823 -3229 -2170
0.00560091 -3386 -2222
0.00562358 -3555 -2271
0.00564626 -3725 -2314
0.00566893 -13108 -13108
0.00569161 -13108 -13108
0.00571429 -13108 -13108
0.00573696 -13108 -13108
0.00575964 -13108 -13108
0.00578231 -13108 -13108
0.00580499 -13108 -13108
0.00582766 -13108 -13108
0.00585034 -13108 -13108
0.00587302 -13108 -13108
0.00589569 -13108 -13108
0.00591837 -13108 -13108
0.00594104 -13108 -13108
0.00596372 -13108 -13108
0.00598639 -13108 -13108
0.00600907 -13108 -13108
0.00603175 -13108 -13108
0.00605442 -13108 -13108
0.0060771 -13108 -13108
0.00609977 -13108 -13108
0.00612245 -13108 -13108
0.00614512 -13108 -13108
0.0061678 -13108 -13108
0.00619048 -13108 -13108
0.00621315 -13108 -13108
0.00623583 -13108 -13108
0.0062585 -13108 -13108
0.00628118 -13108 -13108
0.00630385 -13108 -13108
0.00632653 -13108 -13108
0.00634921 -13108 -13108
0.00637188 -13108 -13108
0.00639456 -13108 -13108
0.00641723 -13108 -13108
0.00643991 -13108 -13108
0.00646258 -13108 -13108
0.00648526 -13108 -13108
0.00650794 -13108 -13108
0.00653061 -13108 -13108
0.00655329 -13108 -13108
0.00657596 -13108 -13108
0.00659864 -13108 -13108
0.00662132 -13108 -13108
0.00664399 -13108 -13108
0.00666667 -13108 -13108
0.00668934 -13108 -13108
0.00671202 -13108 -13108
0.00673469 -13108 -13108
0.00675737 -13108 -13108
0.00678005 -13108 -13108
0.00680272 -13108 -13108
0.0068254 -13108 -13108
0.00684807 -13108 -13108
0.00687075 -13108 -13108
0.00689342 -13108 -13108
0.0069161 -13108 -13108
0.00693878 -13108 -13108
0.00696145 -13108 -13108
0.00698413 -13108 -13108
0.0070068 -13108 -13108
0.00702948 -13108 -13108
0.00705215 -13108 -13108
0.00707483 -13108 -13108
0.00709751 -13108 -13108
0.00712018 -13108 -13108
0.00714286 -13108 -13108
0.00716553 -13108 -13108
0.00718821 -13108 -13108
0.00721088 -13108 -13108
0.00723356 -13108 -13108
0.00725624 -13108 -13108
0.00727891 -13108 -13108
0.00730159 -13108 -13108
0.00732426 -13108 -13108
0.00734694 -13108 -13108
0.00736961 -13108 -13108
0.00739229 -13108 -13108
0.00741497 -13108 -13108
0.00743764 -13108 -13108
0.00746032 -13108 -13108
0.00748299 -13108 -13108
0.00750567 -13108 -13108
0.00752834 -13108 -13108
0.00755102 -13108 -13108
0.0075737 -13108 -13108
0.00759637 -13108 -13108
0.00761905 -13108 -13108
0.00764172 -13108 -13108
0.0076644 -13108 -13108
0.00768707 -13108 -13108
0.00770975 -13108 -13108
0.00773243 -13108 -13108
0.0077551 -13108 -13108
0.00777778 -13108 -13108
0.00780045 -13108 -13108
0.00782313 -13108 -13108
0.00784581 -13108 -13108
0.00786848 -13108 -13108
0.00789116 -13108 -13108
0.00791383 -13108 -13108
0.00793651 -13108 -13108
0.00795918 -13108 -13108
0.00798186 -13108 -13108
0.00800453 -13108 -13108
0.00802721 -13108 -13108
0.00804989 -13108 -13108
0.00807256 -13108 -13108
0.00809524 -13108 -13108
0.00811791 -13108 -13108
0.00814059 -13108 -13108
0.00816326 -13108 -13108
0.00818594 -13108 -13108
0.00820862 -13108 -13108
0.00823129 -13108 -13108
0.00825397 -13108 -13108
0.00827664 -13108 -13108
0.00829932 -13108 -13108
0.00832199 -13108 -13108
0.00834467 -13108 -13108
0.00836735 -13108 -13108
0.00839002 -13108 -13108
0.0084127 -13108 -13108
0.00843537 -13108 -13108
0.00845805 -13108 -13108
0.00848073 -13108 -13108
0.0085034 -13108 -13108
0.00852608 -13108 -13108
0.00854875 -13108 -13108
0.00857143 -13108 -13108
0.0085941 -13108 -13108
0.00861678 -13108 -13108
0.00863946 -13108 -13108
0.00866213 -13108 -13108
0.00868481 -13108 -13108
0.00870748 -13108 -13108
0.00873016 -13108 -13108
0.00875283 -13108 -13108
0.00877551 -13108 -13108
0.00879819 -13108 -13108
0.00882086 -13108 -13108
0.00884354 -13108 -13108
0.00886621 -13108 -13108
0.00888889 -13108 -13108
0.00891156 -13108 -13108
0.00893424 -13108 -13108
0.00895692 -13108 -13108
0.00897959 -13108 -13108
0.00900227 -13108 -13108
0.00902494 -13108 -13108
0.00904762 -13108 -13108
0.00907029 -13108 -13108
0.00909297 -13108 -13108
0.00911565 -13108 -13108
0.00913832 -13108 -13108
0.009161 -13108 -13108
0.00918367 -13108 -13108
0.00920635 -13108 -13108
0.00922902 -13108 -13108
0.0092517 -13108 -13108
0.00927438 -13108 -13108
0.00929705 -13108 -13108
0.00931973 -13108 -13108
0.0093424 -13108 -13108
0.00936508 -13108 -13108
0.00938775 -13108 -13108
0.00941043 -13108 -13108
0.00943311 -13108 -13108
0.00945578 -13108 -13108
0.00947846 -13108 -13108
0.00950113 -13108 -13108
0.00952381 -13108 -13108
0.00954648 -13108 -13108
0.00956916 -13108 -13108
0.00959184 -13108 -13108
0.00961451 -13108 -13108
0.00963719 -13108 -13108
0.00965986 -13108 -13108
0.00968254 -13108 -13108
0.00970522 -13108 -13108
0.00972789 -13108 -13108
0.00975057 -13108 -13108
0.00977324 -13108 -13108
0.00979592 -13108 -13108
0.00981859 -13108 -13108
0.00984127 -13108 -13108
0.00986395 -13108 -13108
0.00988662 -13108 -13108
0.0099093 -13108 -13108
0.00993197 -13108 -13108
0.00995465 -13108 -13108
0.00997732 -13108 -13108
0.01 -13108 -13108
0.0100227 -13108 -13108
0.0100454 -13108 -13108
0.010068 -13108 -13108
0.0100907 -13108 -13108
0.0101134 -13108 -13108
0.0101361 -13108 -13108
0.0101587 -13108 -13108
0.0101814 -13108 -13108
0.0102041 -13108 -13108
0.0102268 -13108 -13108
0.0102494 -13108 -13108
0.0102721 -13108 -13108
0.0102948 -13108 -13108
0.0103175 -13108 -13108
0.0103401 -13108 -13108
0.0103628 -13108 -13108
0.0103855 -13108 -13108
0.0104082 -13108 -13108
0.0104308 -13108 -13108
0.0104535 -13108 -13108
0.0104762 -13108 -13108
0.0104989 -13108 -13108
0.0105215 -13108 -13108
0.0105442 -13108 -13108
0.0105669 -13108 -13108
0.0105896 -13108 -13108
0.0106122 -13108 -13108
0.0106349 -13108 -13108
0.0106576 -13108 -13108
0.0106803 -13108 -13108
0.0107029 -13108 -13108
0.0107256 -13108 -13108
0.0107483 -13108 -13108
0.010771 -13108 -13108
0.0107937 -13108 -13108
0.0108163 -13108 -13108
0.010839 -13108 -13108
0.0108617 -13108 -13108
0.0108844 -13108 -13108
0.010907 -13108 -13108
0.0109297 -13108 -13108
0.0109524 -13108 -13108
0.0109751 -13108 -13108
0.0109977 -13108 -13108
0.0110204 -13108 -13108
0.0110431 -13108 -13108
0.0110658 -13108 -13108
0.0110884 -13108 -13108
0.0111111 -13108 -13108
0.0111338 -13108 -13108
0.0111565 -13108 -13108
0.0111791 -13108 -13108
0.0112018 -13108 -13108
0.0112245 -13108 -13108
0.0112472 -13108 -13108
0.0112698 -13108 -13108
0.0112925 -13108 -13108
0.0113152 -13108 -13108
